Generation(Iteration) 1

Initial Population
0,722
1,575
2,723
3,614
4,724
5,725
6,705
7,692
8,726
9,614
10,724
11,645
12,633
13,575
14,696
15,674
16,631
17,666
18,644
19,727
20,614
21,728
22,729
23,618
24,603
25,730
26,605
27,731
28,732
29,471

,Generation,Parent1,Parent2,Child1,Child2,Mutated Child1,Mutated Child2
0,1,696,723,696,723,733,734
0,1,692,705,705,692,735,736
0,1,575,645,645,575,737,738
0,1,723,575,739,740,741,740
0,1,692,725,742,743,744,745
0,1,725,614,725,614,746,747
0,1,692,722,748,749,750,751
0,1,724,724,724,724,752,753
0,1,614,722,687,754,755,756
0,1,645,614,757,713,758,759
0,1,614,726,760,761,762,763
0,1,722,645,764,765,766,767
0,1,614,724,687,768,769,770
0,1,696,724,724,696,771,772
0,1,696,614,696,614,773,774

----------------------------------------
Generation(Iteration) 2

Initial Population
,Genotype
0,722
1,575
2,723
3,614
4,724
5,725
6,705
7,692
8,726
9,614
10,724
11,645
12,633
13,575
14,696
15,674
16,771
17,666
18,644
19,727
20,614
21,728
22,741
23,618
24,603
25,730
26,774
27,731
28,732
29,751

Selection, Crossover and Mutation
,Generation,Parent1,Parent2,Child1,Child2,Mutated Child1,Mutated Child2
0,2,724,614,760,775,776,777
0,2,633,726,778,779,780,781
0,2,726,723,740,779,782,783
0,2,726,725,726,725,784,785
0,2,633,723,723,633,723,786
0,2,575,722,575,722,787,722
0,2,787,726,788,575,789,790
0,2,723,696,739,791,792,793
0,2,705,722,794,795,796,797
0,2,705,723,723,705,723,798
0,2,724,724,724,724,799,800
0,2,724,633,724,633,801,633
0,2,724,705,564,768,802,803
0,2,692,724,692,724,804,805
0,2,692,645,806,807,808,809


----------------------------------------
Generation(Iteration) 3

Initial Population
,Genotype
0,723
1,796
2,723
3,805
4,724
5,725
6,705
7,692
8,726
9,809
10,724
11,645
12,633
13,800
14,801
15,633
16,771
17,666
18,644
19,803
20,614
21,728
22,741
23,618
24,603
25,730
26,723
27,731
28,732
29,751


Selection, Crossover and Mutation
,Generation,Parent1,Parent2,Child1,Child2,Mutated Child1,Mutated Child2
0,3,724,796,794,810,811,812
0,3,811,724,813,814,815,816
0,3,633,723,633,723,817,818
0,3,805,645,645,805,819,820
0,3,800,811,821,813,822,823
0,3,823,726,823,726,824,825
0,3,724,805,724,805,826,827
0,3,726,800,726,800,828,829
0,3,705,805,564,830,831,832
0,3,800,796,794,833,834,835
0,3,633,811,836,837,838,839
0,3,725,705,725,705,840,841
0,3,800,645,842,843,844,845
0,3,800,724,800,724,846,847
0,3,800,725,848,849,850,851

----------------------------------------
Generation(Iteration) 3

Initial Population
,Genotype
0,823
1,796
2,826
3,805
4,724
5,725
6,705
7,692
8,726
9,811
10,724
11,645
12,633
13,800
14,801
15,633
16,771
17,666
18,644
19,803
20,835
21,728
22,741
23,618
24,603
25,730
26,831
27,851
28,732
29,751

,Generation,Parent1,Parent2,Child1,Child2,Mutated Child1,Mutated Child2
0,4,823,811,852,813,853,854
0,4,633,805,778,830,855,856
0,4,726,724,726,724,857,858
0,4,805,826,826,805,826,859
0,4,800,726,726,800,860,861
0,4,692,800,862,863,864,865
0,4,801,826,866,724,867,868
0,4,796,724,564,869,564,870
0,4,826,823,826,823,871,872
0,4,724,823,724,823,873,823
0,4,801,692,874,875,876,877
0,4,724,645,724,645,878,879
0,4,878,811,880,881,882,883
0,4,805,826,884,724,885,886
0,4,724,805,724,805,887,888

----------------------------------------
Generation(Iteration) 3

Initial Population
,Genotype
0,823
1,796
2,826
3,805
4,724
5,823
6,826
7,692
8,888
9,811
10,724
11,645
12,878
13,800
14,801
15,882
16,771
17,666
18,644
19,803
20,835
21,865
22,886
23,618
24,603
25,858
26,831
27,854
28,732
29,751

,Generation,Parent1,Parent2,Child1,Child2,Mutated Child1,Mutated Child2
0,5,826,801,724,866,889,890
0,5,826,878,826,878,891,892
0,5,800,724,724,800,893,894
0,5,801,724,801,724,895,896
0,5,801,645,801,645,897,898
0,5,805,645,805,645,899,645
0,5,800,796,821,900,901,902
0,5,811,826,903,794,904,905
0,5,826,811,906,813,907,908
0,5,823,826,823,826,909,910
0,5,645,826,645,826,911,912
0,5,692,826,826,692,913,692
0,5,878,801,914,915,916,917
0,5,917,826,801,918,919,920
0,5,878,811,880,881,921,922

----------------------------------------
Generation(Iteration) 3

Initial Population

,Genotype
0,922
1,796
2,826
3,805
4,724
5,823
6,826
7,692
8,645
9,811
10,724
11,645
12,878
13,800
14,801
15,882
16,771
17,666
18,644
19,803
20,835
21,865
22,886
23,618
24,603
25,858
26,831
27,692
28,732
29,751

,Generation,Parent1,Parent2,Child1,Child2,Mutated Child1,Mutated Child2
0,6,811,724,923,794,924,925
0,6,826,925,926,927,928,929
0,6,805,796,930,794,931,932
0,6,932,645,933,934,935,936
0,6,801,811,801,811,937,938
0,6,801,826,866,724,939,940
0,6,826,724,724,826,941,942
0,6,811,826,811,826,943,944
0,6,801,805,801,805,945,946
0,6,878,724,878,724,947,948
0,6,724,805,805,724,805,949
0,6,800,946,946,800,950,800
0,6,645,805,951,952,951,953
0,6,800,645,800,645,954,955
0,6,946,932,956,957,958,959

----------------------------------------
Generation(Iteration) 3

Initial Population
,Genotype
0,932
1,796
2,959
3,805
4,724
5,947
6,826
7,692
8,645
9,946
10,724
11,645
12,878
13,800
14,801
15,951
16,800
17,666
18,942
19,803
20,835
21,865
22,886
23,618
24,603
25,858
26,805
27,692
28,732
29,751

,Generation,Parent1,Parent2,Child1,Child2,Mutated Child1,Mutated Child2
0,7,932,796,960,961,962,963
0,7,947,963,964,965,966,967
0,7,796,724,575,968,969,970
0,7,724,796,794,810,971,972
0,7,724,724,724,724,973,974
0,7,932,801,975,976,977,978
0,7,801,724,801,724,979,980
0,7,962,805,981,930,982,983
0,7,800,946,946,800,984,800
0,7,796,972,985,986,987,988
0,7,972,932,989,990,991,992
0,7,645,805,993,994,995,996
0,7,692,645,692,645,997,998
0,7,805,645,805,645,999,1000
0,7,962,932,932,962,1001,1002

----------------------------------------
Generation(Iteration) 3

Initial Population
,Genotype
0,932
1,796
2,962
3,805
4,800
5,947
6,972
7,692
8,645
9,998
10,991
11,645
12,878
13,800
14,801
15,1002
16,800
17,666
18,974
19,803
20,835
21,865
22,982
23,618
24,603
25,858
26,805
27,692
28,732
29,751

,Generation,Parent1,Parent2,Child1,Child2,Mutated Child1,Mutated Child2
0,8,947,991,1003,1004,1005,1006
0,8,801,796,1007,900,1008,1009
0,8,645,947,1010,1011,1012,1013
0,8,645,962,1014,1015,1016,1017
0,8,645,998,645,998,1018,1019
0,8,800,991,1020,1021,1022,1023
0,8,878,645,878,645,1024,645
0,8,800,991,1025,1026,1027,1028
0,8,692,991,1029,1030,1031,1032
0,8,947,1032,1033,1034,1033,1035
0,8,692,801,692,801,1036,1037
0,8,947,645,1038,1039,1038,1040
0,8,801,932,1041,1042,1043,1044
0,8,972,645,1045,1046,1047,1048
0,8,932,645,957,1049,1050,1051

----------------------------------------
Generation(Iteration) 3

Initial Population
,Genotype
0,932
1,796
2,962
3,1022
4,1048
5,947
6,972
7,692
8,645
9,998
10,991
11,645
12,1038
13,1051
14,801
15,1002
16,800
17,666
18,1043
19,803
20,835
21,865
22,982
23,618
24,603
25,1005
26,645
27,692
28,732
29,751
,Generation,Parent1,Parent2,Child1,Child2,Mutated Child1,Mutated Child2
0,9,932,801,1052,1053,1054,1055
0,9,991,1055,1056,1057,1058,1059
0,9,692,796,1060,1030,1061,1062
0,9,645,1022,1063,1064,1065,1066
0,9,998,645,998,645,1067,1068
0,9,801,932,1069,1070,1071,1072
0,9,1066,1022,1073,1074,1075,1076
0,9,801,796,1077,810,1078,1079
0,9,801,692,874,875,1080,1081
0,9,801,1022,1082,1083,1084,1083
0,9,1066,991,1085,1086,1087,1088
0,9,991,1022,1089,1025,1090,1025
0,9,796,1048,1091,1092,1093,1094
0,9,801,1094,1095,1096,1097,1098
0,9,1022,1048,1099,1100,1101,1102

----------------------------------------
Generation(Iteration) 3

Initial Population
,Genotype
0,932
1,1094
2,1025
3,1022
4,1048
5,947
6,972
7,692
8,645
9,998
10,991
11,645
12,1038
13,1066
14,801
15,1071
16,1068
17,666
18,1043
19,1102
20,835
21,865
22,982
23,618
24,603
25,1005
26,645
27,692
28,732
29,751

,Generation,Parent1,Parent2,Child1,Child2,Mutated Child1,Mutated Child2
0,10,1066,932,1103,1104,1105,1106
0,10,991,1025,991,1025,1107,1108
0,10,972,947,1109,1110,1111,1112
0,10,692,972,1113,1114,1115,1116
0,10,645,932,1117,1118,1119,1120
0,10,1022,991,1121,1122,1123,1124
0,10,1048,1038,1125,1126,1127,1128
0,10,1066,645,1066,645,1129,1130
0,10,998,932,1131,957,1132,1133 ## desired vector
