,Generation,Index
0,1,136
1,1,189
2,1,138
3,1,179
4,1,177
5,1,190
6,1,142
7,1,143
8,1,144
9,1,192
10,1,168
11,1,147
12,1,148
13,1,149
14,1,184
15,1,171
16,1,188
17,1,193
18,1,180
19,1,155
20,1,173
21,1,157
22,1,174
23,1,175
24,1,160
25,1,183
26,1,187
27,1,0
28,1,191
29,1,194
30,2,136
31,2,224
32,2,217
33,2,179
34,2,177
35,2,190
36,2,215
37,2,143
38,2,144
39,2,210
40,2,222
41,2,147
42,2,199
43,2,209
44,2,184
45,2,211
46,2,188
47,2,193
48,2,219
49,2,155
50,2,173
51,2,195
52,2,174
53,2,201
54,2,220
55,2,202
56,2,187
57,2,0
58,2,223
59,2,206
60,3,252
61,3,243
62,3,217
63,3,251
64,3,177
65,3,235
66,3,247
67,3,143
68,3,144
69,3,210
70,3,222
71,3,147
72,3,231
73,3,247
74,3,237
75,3,211
76,3,230
77,3,244
78,3,219
79,3,155
80,3,239
81,3,195
82,3,174
83,3,201
84,3,220
85,3,202
86,3,187
87,3,0
88,3,240
89,3,245
90,4,279
91,4,264
92,4,273
93,4,280
94,4,177
95,4,275
96,4,271
97,4,278
98,4,144
99,4,210
100,4,222
101,4,147
102,4,261
103,4,272
104,4,277
105,4,257
106,4,230
107,4,244
108,4,254
109,4,270
110,4,259
111,4,195
112,4,174
113,4,201
114,4,220
115,4,202
116,4,267
117,4,0
118,4,240
119,4,245
120,5,279
121,5,264
122,5,273
123,5,304
124,5,177
125,5,275
126,5,271
127,5,302
128,5,301
129,5,295
130,5,306
131,5,300
132,5,261
133,5,297
134,5,277
135,5,286
136,5,230
137,5,279
138,5,290
139,5,270
140,5,284
141,5,295
142,5,289
143,5,201
144,5,264
145,5,305
146,5,267
147,5,0
148,5,281
149,5,303
150,6,321
151,6,264
152,6,273
153,6,304
154,6,316
155,6,275
156,6,271
157,6,309
158,6,322
159,6,295
160,6,306
161,6,295
162,6,317
163,6,323
164,6,277
165,6,286
166,6,307
167,6,318
168,6,290
169,6,270
170,6,328
171,6,295
172,6,289
173,6,320
174,6,264
175,6,305
176,6,304
177,6,0
178,6,271
179,6,329
180,7,321
181,7,264
182,7,273
183,7,337
184,7,316
185,7,275
186,7,341
187,7,309
188,7,331
189,7,295
190,7,306
191,7,295
192,7,346
193,7,356
194,7,277
195,7,286
196,7,336
197,7,351
198,7,357
199,7,270
200,7,348
201,7,295
202,7,349
203,7,320
204,7,264
205,7,305
206,7,339
207,7,0
208,7,277
209,7,331
210,8,316
211,8,264
212,8,273
213,8,337
214,8,316
215,8,275
216,8,384
217,8,295
218,8,331
219,8,295
220,8,377
221,8,295
222,8,346
223,8,365
224,8,277
225,8,380
226,8,363
227,8,351
228,8,373
229,8,270
230,8,375
231,8,295
232,8,349
233,8,320
234,8,264
235,8,305
236,8,360
237,8,0
238,8,277
239,8,331
240,9,393
241,9,264
242,9,273
243,9,387
244,9,394
245,9,395
246,9,385
247,9,295
248,9,409
249,9,295
250,9,396
251,9,295
252,9,403
253,9,365
254,9,277
255,9,407
256,9,363
257,9,351
258,9,273
259,9,270
260,9,410
261,9,295
262,9,295
263,9,320
264,9,264
265,9,305
266,9,398
267,9,0
268,9,277
269,9,402
270,10,393
271,10,295
272,10,273
273,10,277
274,10,394
275,10,433
276,10,385
277,10,295
278,10,409
279,10,295
280,10,426
281,10,295
282,10,277
283,10,273
284,10,277
285,10,407
286,10,363
287,10,429
288,10,273
289,10,295
290,10,411
291,10,295
292,10,295
293,10,320
294,10,295
295,10,273
296,10,398
297,10,422
298,10,277
299,10,402
300,11,445
301,11,295
302,11,277
303,11,277
304,11,394
305,11,442
306,11,385
307,11,295
308,11,460
309,11,295
310,11,426
311,11,295
312,11,277
313,11,451
314,11,277
315,11,407
316,11,363
317,11,429
318,11,456
319,11,295
320,11,411
321,11,295
322,11,295
323,11,320
324,11,295
325,11,277
326,11,398
327,11,422
328,11,277
329,11,402
330,12,445
331,12,295
332,12,471
333,12,473
334,12,394
335,12,442
336,12,385
337,12,295
338,12,463
339,12,295
340,12,426
341,12,295
342,12,483
343,12,451
344,12,490
345,12,407
346,12,363
347,12,429
348,12,456
349,12,295
350,12,411
351,12,295
352,12,295
353,12,320
354,12,295
355,12,277
356,12,398
357,12,422
358,12,277
359,12,402
360,13,445
361,13,295
362,13,471
363,13,473
364,13,394
365,13,519
366,13,385
367,13,295
368,13,463
369,13,295
370,13,426
371,13,295
372,13,483
373,13,451
374,13,490
375,13,407
376,13,363
377,13,429
378,13,456
379,13,295
380,13,411
381,13,295
382,13,295
383,13,511
384,13,295
385,13,497
386,13,295
387,13,422
388,13,505
389,13,402
390,14,540
391,14,295
392,14,471
393,14,473
394,14,394
395,14,520
396,14,385
397,14,295
398,14,463
399,14,295
400,14,533
401,14,295
402,14,483
403,14,451
404,14,527
405,14,407
406,14,548
407,14,429
408,14,456
409,14,295
410,14,411
411,14,295
412,14,295
413,14,539
414,14,295
415,14,497
416,14,295
417,14,422
418,14,505
419,14,295
420,15,540
421,15,575
422,15,471
423,15,473
424,15,394
425,15,520
426,15,555
427,15,578
428,15,564
429,15,295
430,15,533
431,15,295
432,15,483
433,15,561
434,15,527
435,15,407
436,15,566
437,15,429
438,15,456
439,15,295
440,15,411
441,15,295
442,15,295
443,15,539
444,15,295
445,15,497
446,15,295
447,15,422
448,15,505
449,15,295
450,16,540
451,16,575
452,16,471
453,16,473
454,16,394
455,16,520
456,16,555
457,16,578
458,16,564
459,16,394
460,16,533
461,16,580
462,16,483
463,16,561
464,16,527
465,16,407
466,16,566
467,16,429
468,16,456
469,16,590
470,16,411
471,16,599
472,16,471
473,16,539
474,16,603
475,16,497
476,16,605
477,16,422
478,16,505
479,16,606
480,17,634
481,17,575
482,17,471
483,17,614
484,17,394
485,17,520
486,17,555
487,17,578
488,17,564
489,17,394
490,17,616
491,17,580
492,17,633
493,17,561
494,17,578
495,17,407
496,17,631
497,17,612
498,17,456
499,17,590
500,17,411
501,17,599
502,17,471
503,17,618
504,17,603
505,17,619
506,17,605
507,17,422
508,17,629
509,17,635
510,18,634
511,18,575
512,18,471
513,18,614
514,18,394
515,18,520
516,18,555
517,18,578
518,18,564
519,18,394
520,18,616
521,18,645
522,18,633
523,18,575
524,18,578
525,18,407
526,18,631
527,18,663
528,18,644
529,18,590
530,18,639
531,18,599
532,18,471
533,18,618
534,18,603
535,18,619
536,18,605
537,18,662
538,18,650
539,18,471
540,19,634
541,19,575
542,19,471
543,19,614
544,19,394
545,19,679
546,19,555
547,19,691
548,19,564
549,19,394
550,19,616
551,19,645
552,19,633
553,19,575
554,19,578
555,19,674
556,19,631
557,19,666
558,19,644
559,19,590
560,19,614
561,19,687
562,19,471
563,19,618
564,19,603
565,19,394
566,19,605
567,19,662
568,19,650
569,19,471
570,20,634
571,20,575
572,20,471
573,20,614
574,20,394
575,20,721
576,20,705
577,20,692
578,20,564
579,20,394
580,20,708
581,20,645
582,20,633
583,20,575
584,20,696
585,20,674
586,20,631
587,20,666
588,20,644
589,20,590
590,20,614
591,20,687
592,20,471
593,20,618
594,20,603
595,20,394
596,20,605
597,20,662
598,20,650
599,20,471
600,21,634
601,21,575
602,21,471
603,21,614
604,21,724
605,21,564
606,21,705
607,21,692
608,21,564
609,21,471
610,21,708
611,21,645
612,21,633
613,21,575
614,21,696
615,21,674
616,21,631
617,21,666
618,21,644
619,21,727
620,21,614
621,21,728
622,21,471
623,21,618
624,21,603
625,21,730
626,21,605
627,21,731
628,21,732
629,21,471
630,22,722
631,22,575
632,22,723
633,22,614
634,22,724
635,22,725
636,22,705
637,22,692
638,22,726
639,22,614
640,22,724
641,22,645
642,22,633
643,22,575
644,22,696
645,22,674
646,22,631
647,22,666
648,22,644
649,22,727
650,22,614
651,22,728
652,22,729
653,22,618
654,22,603
655,22,730
656,22,605
657,22,731
658,22,732
659,22,471
660,23,722
661,23,575
662,23,723
663,23,614
664,23,724
665,23,725
666,23,705
667,23,692
668,23,726
669,23,614
670,23,724
671,23,645
672,23,633
673,23,575
674,23,696
675,23,674
676,23,771
677,23,666
678,23,644
679,23,727
680,23,614
681,23,728
682,23,741
683,23,618
684,23,603
685,23,730
686,23,774
687,23,731
688,23,732
689,23,751
690,24,723
691,24,796
692,24,723
693,24,805
694,24,724
695,24,725
696,24,705
697,24,692
698,24,726
699,24,809
700,24,724
701,24,645
702,24,633
703,24,800
704,24,801
705,24,633
706,24,771
707,24,666
708,24,644
709,24,803
710,24,614
711,24,728
712,24,741
713,24,618
714,24,603
715,24,730
716,24,723
717,24,731
718,24,732
719,24,751
720,25,823
721,25,796
722,25,826
723,25,805
724,25,724
725,25,725
726,25,705
727,25,692
728,25,726
729,25,811
730,25,724
731,25,645
732,25,633
733,25,800
734,25,801
735,25,633
736,25,771
737,25,666
738,25,644
739,25,803
740,25,835
741,25,728
742,25,741
743,25,618
744,25,603
745,25,730
746,25,831
747,25,851
748,25,732
749,25,751
750,26,823
751,26,796
752,26,826
753,26,805
754,26,724
755,26,823
756,26,826
757,26,692
758,26,888
759,26,811
760,26,724
761,26,645
762,26,878
763,26,800
764,26,801
765,26,882
766,26,771
767,26,666
768,26,644
769,26,803
770,26,835
771,26,865
772,26,886
773,26,618
774,26,603
775,26,858
776,26,831
777,26,854
778,26,732
779,26,751
780,27,922
781,27,796
782,27,826
783,27,805
784,27,724
785,27,823
786,27,826
787,27,692
788,27,645
789,27,811
790,27,724
791,27,645
792,27,878
793,27,800
794,27,801
795,27,882
796,27,771
797,27,666
798,27,644
799,27,803
800,27,835
801,27,865
802,27,886
803,27,618
804,27,603
805,27,858
806,27,831
807,27,692
808,27,732
809,27,751
810,28,932
811,28,796
812,28,959
813,28,805
814,28,724
815,28,947
816,28,826
817,28,692
818,28,645
819,28,946
820,28,724
821,28,645
822,28,878
823,28,800
824,28,801
825,28,951
826,28,800
827,28,666
828,28,942
829,28,803
830,28,835
831,28,865
832,28,886
833,28,618
834,28,603
835,28,858
836,28,805
837,28,692
838,28,732
839,28,751
840,29,932
841,29,796
842,29,962
843,29,805
844,29,800
845,29,947
846,29,972
847,29,692
848,29,645
849,29,998
850,29,991
851,29,645
852,29,878
853,29,800
854,29,801
855,29,1002
856,29,800
857,29,666
858,29,974
859,29,803
860,29,835
861,29,865
862,29,982
863,29,618
864,29,603
865,29,858
866,29,805
867,29,692
868,29,732
869,29,751
870,30,932
871,30,796
872,30,962
873,30,1022
874,30,1048
875,30,947
876,30,972
877,30,692
878,30,645
879,30,998
880,30,991
881,30,645
882,30,1038
883,30,1051
884,30,801
885,30,1002
886,30,800
887,30,666
888,30,1043
889,30,803
890,30,835
891,30,865
892,30,982
893,30,618
894,30,603
895,30,1005
896,30,645
897,30,692
898,30,732
899,30,751
900,31,932
901,31,1094
902,31,1025
903,31,1022
904,31,1048
905,31,947
906,31,972
907,31,692
908,31,645
909,31,998
910,31,991
911,31,645
912,31,1038
913,31,1066
914,31,801
915,31,1071
916,31,1068
917,31,666
918,31,1043
919,31,1102
920,31,835
921,31,865
922,31,982
923,31,618
924,31,603
925,31,1005
926,31,645
927,31,692
928,31,732
929,31,751
930,32,932
931,32,1146
932,32,1025
933,32,1022
934,32,1048
935,32,1140
936,32,1147
937,32,692
938,32,645
939,32,998
940,32,991
941,32,645
942,32,1139
943,32,1066
944,32,1123
945,32,1071
946,32,1068
947,32,666
948,32,1043
949,32,1102
950,32,1105
951,32,865
952,32,1138
953,32,618
954,32,1151
955,32,1005
956,32,645
957,32,692
958,32,732
959,32,751
960,33,1182
961,33,1196
962,33,1174
963,33,1022
964,33,1048
965,33,1140
966,33,1147
967,33,692
968,33,645
969,33,998
970,33,1199
971,33,645
972,33,1178
973,33,1066
974,33,1123
975,33,1071
976,33,1068
977,33,1166
978,33,1043
979,33,1102
980,33,1193
981,33,865
982,33,1138
983,33,618
984,33,1157
985,33,1005
986,33,645
987,33,692
988,33,732
989,33,751
990,34,1217
991,34,1196
992,34,1174
993,34,1215
994,34,1048
995,34,1140
996,34,1147
997,34,692
998,34,645
999,34,998
1000,34,1200
1001,34,645
1002,34,1178
1003,34,1066
1004,34,1123
1005,34,1237
1006,34,1068
1007,34,1166
1008,34,1220
1009,34,1102
1010,34,1193
1011,34,865
1012,34,1138
1013,34,618
1014,34,1213
1015,34,1005
1016,34,645
1017,34,692
1018,34,732
1019,34,751
1020,35,1262
1021,35,998
1022,35,1273
1023,35,1215
1024,35,1048
1025,35,1140
1026,35,1250
1027,35,998
1028,35,645
1029,35,998
1030,35,1200
1031,35,645
1032,35,1178
1033,35,1066
1034,35,998
1035,35,1240
1036,35,1068
1037,35,1166
1038,35,1256
1039,35,1102
1040,35,1193
1041,35,865
1042,35,1200
1043,35,1253
1044,35,1213
1045,35,1242
1046,35,645
1047,35,1266
1048,35,1244
1049,35,1246
1050,36,1262
1051,36,998
1052,36,1281
1053,36,1215
1054,36,1048
1055,36,1140
1056,36,1250
1057,36,998
1058,36,1302
1059,36,998
1060,36,1200
1061,36,1281
1062,36,1178
1063,36,1311
1064,36,998
1065,36,1240
1066,36,1066
1067,36,1166
1068,36,1256
1069,36,1102
1070,36,1193
1071,36,1284
1072,36,1200
1073,36,1253
1074,36,1307
1075,36,1242
1076,36,1305
1077,36,1250
1078,36,1244
1079,36,1246
1080,37,1262
1081,37,998
1082,37,1281
1083,37,1215
1084,37,1048
1085,37,1140
1086,37,1250
1087,37,998
1088,37,1302
1089,37,998
1090,37,1200
1091,37,1281
1092,37,1178
1093,37,1313
1094,37,998
1095,37,1240
1096,37,1312
1097,37,1316
1098,37,1256
1099,37,1102
1100,37,1351
1101,37,1284
1102,37,1200
1103,37,1253
1104,37,1307
1105,37,1242
1106,37,1307
1107,37,1250
1108,37,1244
1109,37,1307
1110,38,1262
1111,38,1354
1112,38,1281
1113,38,1215
1114,38,1048
1115,38,1140
1116,38,1250
1117,38,1357
1118,38,1302
1119,38,1364
1120,38,1200
1121,38,1281
1122,38,1178
1123,38,1313
1124,38,1397
1125,38,1240
1126,38,1312
1127,38,1316
1128,38,1256
1129,38,1102
1130,38,1351
1131,38,1284
1132,38,1200
1133,38,1253
1134,38,1307
1135,38,1242
1136,38,1307
1137,38,1250
1138,38,1244
1139,38,1307
1140,39,1405
1141,39,1354
1142,39,1281
1143,39,1215
1144,39,1048
1145,39,1140
1146,39,1250
1147,39,1357
1148,39,1402
1149,39,1364
1150,39,1415
1151,39,1281
1152,39,1178
1153,39,1313
1154,39,1417
1155,39,1438
1156,39,1412
1157,39,1316
1158,39,1256
1159,39,1102
1160,39,1413
1161,39,1284
1162,39,1441
1163,39,1419
1164,39,1307
1165,39,1242
1166,39,1307
1167,39,1250
1168,39,1244
1169,39,1307
1170,40,1405
1171,40,1481
1172,40,1281
1173,40,1215
1174,40,1462
1175,40,1468
1176,40,1250
1177,40,1445
1178,40,1402
1179,40,1477
1180,40,1486
1181,40,1281
1182,40,1178
1183,40,1313
1184,40,1417
1185,40,1434
1186,40,1412
1187,40,1316
1188,40,1256
1189,40,1102
1190,40,1466
1191,40,1284
1192,40,1475
1193,40,1419
1194,40,1307
1195,40,1471
1196,40,1307
1197,40,1250
1198,40,1244
1199,40,1307
1200,41,1405
1201,41,1481
1202,41,1499
1203,41,1215
1204,41,1462
1205,41,1468
1206,41,1250
1207,41,1499
1208,41,1402
1209,41,1477
1210,41,1486
1211,41,1515
1212,41,1178
1213,41,1313
1214,41,1417
1215,41,1434
1216,41,1522
1217,41,1316
1218,41,1256
1219,41,1500
1220,41,1466
1221,41,1527
1222,41,1475
1223,41,1419
1224,41,1307
1225,41,1498
1226,41,1307
1227,41,1250
1228,41,1244
1229,41,1307
1230,42,1405
1231,42,1354
1232,42,1281
1233,42,1215
1234,42,1281
1235,42,2263
1236,42,1250
1237,42,2264
1238,42,1402
1239,42,1364
1240,42,1415
1241,42,1281
1242,42,1178
1243,42,1313
1244,42,1417
1245,42,1281
1246,42,1412
1247,42,1316
1248,42,1256
1249,42,1102
1250,42,1586
1251,42,1284
1252,42,1441
1253,42,1419
1254,42,1307
1255,42,1242
1256,42,1307
1257,42,1250
1258,42,1244
1259,42,1307
1260,43,1405
1261,43,1481
1262,43,1499
1263,43,1215
1264,43,1462
1265,43,1468
1266,43,1250
1267,43,1499
1268,43,1573
1269,43,1477
1270,43,1557
1271,43,1515
1272,43,1541
1273,43,1313
1274,43,1417
1275,43,1434
1276,43,1547
1277,43,1316
1278,43,1256
1279,43,1500
1280,43,1466
1281,43,1524
1282,43,1536
1283,43,1419
1284,43,1307
1285,43,1498
1286,43,1307
1287,43,1250
1288,43,1244
1289,43,1307
1290,44,1405
1291,44,2265
1292,44,1281
1293,44,1215
1294,44,1281
1295,44,1276
1296,44,1250
1297,44,2264
1298,44,1402
1299,44,1579
1300,44,2266
1301,44,1281
1302,44,1178
1303,44,1313
1304,44,1417
1305,44,1281
1306,44,1412
1307,44,1316
1308,44,1256
1309,44,2267
1310,44,1586
1311,44,1284
1312,44,2268
1313,44,1419
1314,44,1307
1315,44,2269
1316,44,1307
1317,44,1250
1318,44,1244
1319,44,1307
1320,45,1405
1321,45,2265
1322,45,1575
1323,45,1215
1324,45,2270
1325,45,1276
1326,45,1250
1327,45,2264
1328,45,1402
1329,45,1579
1330,45,2266
1331,45,1581
1332,45,1178
1333,45,1313
1334,45,1417
1335,45,2271
1336,45,2272
1337,45,1316
1338,45,1256
1339,45,1348
1340,45,1586
1341,45,2273
1342,45,2268
1343,45,1419
1344,45,1307
1345,45,2269
1346,45,1307
1347,45,1250
1348,45,1244
1349,45,1307
1350,46,1405
1351,46,2265
1352,46,1575
1353,46,1215
1354,46,2270
1355,46,1276
1356,46,1250
1357,46,2264
1358,46,1578
1359,46,1579
1360,46,2266
1361,46,1581
1362,46,1582
1363,46,1313
1364,46,2274
1365,46,2275
1366,46,2276
1367,46,1316
1368,46,1256
1369,46,1348
1370,46,1586
1371,46,1587
1372,46,2277
1373,46,1419
1374,46,1307
1375,46,2269
1376,46,1307
1377,46,1250
1378,46,1244
1379,46,1307
1380,47,1558
1381,47,2265
1382,47,1575
1383,47,1215
1384,47,2270
1385,47,1276
1386,47,1250
1387,47,2264
1388,47,1578
1389,47,1579
1390,47,2266
1391,47,1581
1392,47,1582
1393,47,1313
1394,47,1580
1395,47,2278
1396,47,2276
1397,47,1585
1398,47,1256
1399,47,1348
1400,47,1586
1401,47,1587
1402,47,2277
1403,47,1419
1404,47,1307
1405,47,2279
1406,47,1307
1407,47,1250
1408,47,2270
1409,47,1307
1410,48,1558
1411,48,2280
1412,48,1575
1413,48,1215
1414,48,2270
1415,48,1276
1416,48,1250
1417,48,2264
1418,48,1578
1419,48,1579
1420,48,2266
1421,48,1581
1422,48,1582
1423,48,1576
1424,48,1580
1425,48,2281
1426,48,2276
1427,48,1585
1428,48,1256
1429,48,1348
1430,48,1586
1431,48,1587
1432,48,2277
1433,48,1419
1434,48,1578
1435,48,2282
1436,48,1590
1437,48,1250
1438,48,2270
1439,48,1592
1440,49,1558
1441,49,2280
1442,49,1575
1443,49,1215
1444,49,1576
1445,49,1276
1446,49,1250
1447,49,1577
1448,49,1578
1449,49,1579
1450,49,2266
1451,49,1581
1452,49,1582
1453,49,1576
1454,49,1580
1455,49,1583
1456,49,2276
1457,49,1585
1458,49,1256
1459,49,1348
1460,49,1586
1461,49,1587
1462,49,1588
1463,49,1419
1464,49,1578
1465,49,2283
1466,49,1590
1467,49,1250
1468,49,1591
1469,49,1592
1470,50,1558
1471,50,1574
1472,50,1575
1473,50,1215
1474,50,1576
1475,50,1276
1476,50,1250
1477,50,1577
1478,50,1578
1479,50,1579
1480,50,1580
1481,50,1581
1482,50,1582
1483,50,1576
1484,50,1580
1485,50,1583
1486,50,1584
1487,50,1585
1488,50,1256
1489,50,1348
1490,50,1586
1491,50,1587
1492,50,1588
1493,50,1419
1494,50,1578
1495,50,1589
1496,50,1590
1497,50,1250
1498,50,1591
1499,50,1592
1500,51,1558
1501,51,1574
1502,51,1558
1503,51,1215
1504,51,1576
1505,51,1276
1506,51,1625
1507,51,1577
1508,51,1578
1509,51,1579
1510,51,1580
1511,51,1623
1512,51,1582
1513,51,1576
1514,51,1580
1515,51,1583
1516,51,1607
1517,51,1585
1518,51,1256
1519,51,1636
1520,51,1586
1521,51,1587
1522,51,1588
1523,51,1419
1524,51,1578
1525,51,1589
1526,51,1590
1527,51,1632
1528,51,1591
1529,51,1592
1530,52,1558
1531,52,1574
1532,52,1558
1533,52,1674
1534,52,1576
1535,52,1578
1536,52,1625
1537,52,1577
1538,52,1578
1539,52,1579
1540,52,1580
1541,52,1623
1542,52,1582
1543,52,1576
1544,52,1580
1545,52,1583
1546,52,1607
1547,52,1585
1548,52,1256
1549,52,1638
1550,52,1586
1551,52,1587
1552,52,1588
1553,52,1419
1554,52,1578
1555,52,1640
1556,52,1590
1557,52,1632
1558,52,1591
1559,52,1592
1560,53,1689
1561,53,1574
1562,53,1698
1563,53,1674
1564,53,1576
1565,53,1578
1566,53,1625
1567,53,1577
1568,53,1578
1569,53,1579
1570,53,1580
1571,53,1623
1572,53,1710
1573,53,1576
1574,53,1580
1575,53,1583
1576,53,1578
1577,53,1585
1578,53,1256
1579,53,1702
1580,53,1586
1581,53,1587
1582,53,1588
1583,53,1419
1584,53,1578
1585,53,1640
1586,53,1590
1587,53,1632
1588,53,1686
1589,53,1592
1590,54,1689
1591,54,1574
1592,54,1712
1593,54,1749
1594,54,1576
1595,54,1578
1596,54,1721
1597,54,1577
1598,54,1578
1599,54,1579
1600,54,1722
1601,54,1623
1602,54,1710
1603,54,1576
1604,54,1623
1605,54,1583
1606,54,1578
1607,54,1585
1608,54,1256
1609,54,1702
1610,54,1751
1611,54,1587
1612,54,1588
1613,54,1419
1614,54,1578
1615,54,1738
1616,54,1590
1617,54,1632
1618,54,1686
1619,54,1592
1620,55,1689
1621,55,1574
1622,55,1712
1623,55,1749
1624,55,1576
1625,55,1578
1626,55,1721
1627,55,1712
1628,55,1578
1629,55,1579
1630,55,1722
1631,55,1623
1632,55,1710
1633,55,1576
1634,55,1623
1635,55,1778
1636,55,1578
1637,55,1585
1638,55,1256
1639,55,1702
1640,55,1578
1641,55,1587
1642,55,1588
1643,55,1784
1644,55,1578
1645,55,1738
1646,55,1590
1647,55,1710
1648,55,1686
1649,55,1592
1650,56,1576
1651,56,1574
1652,56,1576
1653,56,1808
1654,56,1576
1655,56,1578
1656,56,1721
1657,56,1712
1658,56,1578
1659,56,1579
1660,56,1722
1661,56,1623
1662,56,1710
1663,56,1576
1664,56,1623
1665,56,1778
1666,56,1578
1667,56,1806
1668,56,1256
1669,56,1702
1670,56,1578
1671,56,1799
1672,56,1588
1673,56,1712
1674,56,1578
1675,56,1738
1676,56,1590
1677,56,1710
1678,56,1686
1679,56,1592
1680,57,1576
1681,57,1574
1682,57,1576
1683,57,1808
1684,57,1576
1685,57,1578
1686,57,1721
1687,57,1828
1688,57,1578
1689,57,1579
1690,57,1722
1691,57,1623
1692,57,1710
1693,57,1576
1694,57,1623
1695,57,1778
1696,57,1578
1697,57,1806
1698,57,1256
1699,57,1702
1700,57,1578
1701,57,1799
1702,57,1588
1703,57,1578
1704,57,1578
1705,57,1738
1706,57,1590
1707,57,1710
1708,57,1686
1709,57,1592
1710,58,1576
1711,58,1574
1712,58,1576
1713,58,1808
1714,58,1576
1715,58,1578
1716,58,1721
1717,58,1867
1718,58,1578
1719,58,1875
1720,58,1722
1721,58,1623
1722,58,1710
1723,58,1576
1724,58,1623
1725,58,1778
1726,58,1578
1727,58,1806
1728,58,1256
1729,58,1702
1730,58,1578
1731,58,1799
1732,58,1588
1733,58,1859
1734,58,1578
1735,58,1738
1736,58,1590
1737,58,1710
1738,58,1686
1739,58,1592
1740,59,1576
1741,59,1574
1742,59,1576
1743,59,1808
1744,59,1576
1745,59,1578
1746,59,1721
1747,59,1867
1748,59,1578
1749,59,1576
1750,59,1722
1751,59,1623
1752,59,1710
1753,59,1576
1754,59,1623
1755,59,1778
1756,59,1578
1757,59,1806
1758,59,1256
1759,59,1702
1760,59,1578
1761,59,1799
1762,59,1588
1763,59,1859
1764,59,1578
1765,59,1738
1766,59,1590
1767,59,1710
1768,59,1686
1769,59,1592
1770,60,1576
1771,60,1574
1772,60,1576
1773,60,1808
1774,60,1576
1775,60,1928
1776,60,1721
1777,60,1867
1778,60,1931
1779,60,1813
1780,60,1722
1781,60,1623
1782,60,1710
1783,60,1576
1784,60,1623
1785,60,1778
1786,60,1808
1787,60,1806
1788,60,1256
1789,60,1702
1790,60,1935
1791,60,1799
1792,60,1911
1793,60,1859
1794,60,1940
1795,60,1738
1796,60,1590
1797,60,1710
1798,60,1686
1799,60,1592
1800,61,1945
1801,61,1574
1802,61,1961
1803,61,1808
1804,61,1975
1805,61,1928
1806,61,1721
1807,61,1867
1808,61,1931
1809,61,1813
1810,61,1722
1811,61,1623
1812,61,1710
1813,61,1985
1814,61,1623
1815,61,1778
1816,61,1808
1817,61,1806
1818,61,1256
1819,61,1702
1820,61,1935
1821,61,1799
1822,61,1911
1823,61,1859
1824,61,1944
1825,61,1738
1826,61,1590
1827,61,1710
1828,61,1686
1829,61,1592
1830,62,1945
1831,62,2026
1832,62,1961
1833,62,1808
1834,62,1975
1835,62,1928
1836,62,1721
1837,62,1867
1838,62,1931
1839,62,1813
1840,62,2023
1841,62,1623
1842,62,1710
1843,62,1998
1844,62,1623
1845,62,1778
1846,62,1808
1847,62,1806
1848,62,1256
1849,62,1702
1850,62,1935
1851,62,1799
1852,62,1911
1853,62,1859
1854,62,1944
1855,62,1738
1856,62,1590
1857,62,1710
1858,62,1686
1859,62,1592
1860,63,1945
1861,63,2032
1862,63,1961
1863,63,1808
1864,63,1975
1865,63,1928
1866,63,2063
1867,63,1867
1868,63,1931
1869,63,1813
1870,63,2023
1871,63,1623
1872,63,1710
1873,63,1998
1874,63,1623
1875,63,1778
1876,63,1808
1877,63,1867
1878,63,1256
1879,63,1702
1880,63,1935
1881,63,2027
1882,63,1911
1883,63,1859
1884,63,1944
1885,63,1738
1886,63,2066
1887,63,1710
1888,63,1686
1889,63,1592
1890,64,1945
1891,64,2032
1892,64,1961
1893,64,1808
1894,64,1975
1895,64,2100
1896,64,2063
1897,64,1867
1898,64,1931
1899,64,1813
1900,64,2023
1901,64,2034
1902,64,1710
1903,64,1998
1904,64,2077
1905,64,1778
1906,64,1808
1907,64,1867
1908,64,2077
1909,64,2081
1910,64,1935
1911,64,2027
1912,64,1911
1913,64,1859
1914,64,1944
1915,64,1738
1916,64,2068
1917,64,1710
1918,64,2089
1919,64,2088
1920,65,1945
1921,65,2119
1922,65,1961
1923,65,1808
1924,65,1975
1925,65,2118
1926,65,2063
1927,65,2118
1928,65,1931
1929,65,1813
1930,65,2023
1931,65,2134
1932,65,1710
1933,65,2141
1934,65,2077
1935,65,1778
1936,65,1808
1937,65,1975
1938,65,2077
1939,65,2120
1940,65,1935
1941,65,2027
1942,65,1911
1943,65,1859
1944,65,1808
1945,65,1738
1946,65,2068
1947,65,1710
1948,65,2089
1949,65,2088
1950,66,1945
1951,66,2119
1952,66,1961
1953,66,1808
1954,66,1975
1955,66,2118
1956,66,2063
1957,66,2118
1958,66,1931
1959,66,1813
1960,66,2023
1961,66,2134
1962,66,1710
1963,66,2150
1964,66,2077
1965,66,1778
1966,66,2174
1967,66,1975
1968,66,2077
1969,66,2057
1970,66,2181
1971,66,2027
1972,66,1911
1973,66,1859
1974,66,2150
1975,66,1738
1976,66,2068
1977,66,1710
1978,66,2089
1979,66,2088
1980,67,1945
1981,67,2119
1982,67,1961
1983,67,1808
1984,67,1975
1985,67,2118
1986,67,2063
1987,67,2118
1988,67,1931
1989,67,1813
1990,67,2023
1991,67,2134
1992,67,1710
1993,67,2150
1994,67,2077
1995,67,1778
1996,67,2174
1997,67,1975
1998,67,2077
1999,67,2057
2000,67,2222
2001,67,2027
2002,67,1911
2003,67,1859
2004,67,2150
2005,67,1738
2006,67,2068
2007,67,1710
2008,67,2089
2009,67,2088
2010,68,1945
2011,68,2119
2012,68,1961
2013,68,1808
2014,68,1975
2015,68,2118
2016,68,2063
2017,68,2118
2018,68,1931
2019,68,1813
2020,68,2023
2021,68,2134
2022,68,1710
2023,68,2150
2024,68,2077
2025,68,1778
2026,68,2174
2027,68,1975
2028,68,2077
2029,68,2057
2030,68,2230
2031,68,2262
2032,68,1911
2033,68,1859
2034,68,2150
2035,68,1738
2036,68,2068
2037,68,1710
2038,68,2089
2039,68,2088
